2166 2037 184 71 -89.8051 
2299 2036 176 76 -89.8145 
2432 2078 179 76 -89.8241 
2678 2077 176 73 -89.8417 
2813 2079 176 75 -89.8514 
2969 2053 192 71 -89.8627 
3189 2017 148 328 -89.6876 
3154 1709 164 165 -89.6885 
2773 1709 161 158 -89.8456 
2543 1811 175 78 -89.8319 
2235 1713 162 156 -89.8071 
2117 1378 178 73 -89.8015 SN74LS00N
2319 1377 169 73 -89.8159 
2545 1454 91 77 -89.832 
2583 1087 171 74 -89.8348 
2861 1275 280 135 -89.8526 Y933 PBM 9823 RYT3080013R1D
2870 1008 178 76 -89.8553 TAIWAN
2984 989 174 79 -89.8633 AM26LS32PC 005HK5U
3288 1119 470 139 -89.883 RYT 305 0010-P
3633 984 176 81 -89.9098 AM26LS32PC 005HK5U
3474 986 173 77 -89.8985 TAIWAN
