3723 1079 184 71 -88.386 
3590 1076 176 76 -88.373 
3459 1030 179 76 -88.400 
3215 1025 176 73 -88.373 
3081 1020 177 75 -88.059 
2925 1042 193 71 -88.219 
2705 1072 149 326 -88.067 
2732 1382 164 164 -88.254 
3111 1391 161 157 -88.221 
3342 1295 175 78 -88.036 
3645 1401 163 155 -88.232 
3752 1738 178 72 -88.059 SN74LS00N
3552 1734 169 73 -88.305 
3330 1652 92 77 -88.112 
3282 2017 170 73 -88.315 
3012 1823 279 134 -88.152 Y933 PBM 9823 RYT3080013R1D
2995 2089 178 76 -88.069 TAIWAN
2882 2105 174 78 -88.354 AM26LS32PC 005HK5U
2584 1968 469 138 -88.412 RYT 305 0010-P
2237 2094 176 81 -88.373 AM26LS32PC 005HK5U
2395 2096 173 77 -88.345 TAIWAN
