2324 658 71 185 -90.000 
2326 790 76 177 -90.000 
2286 923 76 179 -90.000 
2288 1168 73 176 -90.000 
2287 1302 74 176 -90.000 
2314 1458 71 192 -90.000 
2351 1676 326 148 -90.000 
2659 1640 164 164 -90.000 
2656 1261 161 158 -0.000 
2553 1032 77 176 -90.000 
2649 726 155 162 -90.000 
2984 607 72 179 -90.000 SN74LS00N
2986 808 72 169 -90.000 
2910 1034 77 92 -90.000 
3278 1070 74 171 -90.000 
3091 1348 135 280 -90.000 Y933 PBM 9823 RYT3080013R1D
3358 1356 75 178 -90.000 TAIWAN
3378 1468 174 79 -0.000 AM26LS32PC 005HK5U
3250 1772 471 139 -0.122 RYT 305 0010-P
3386 2114 81 177 -90.000 AM26LS32PC 005HK5U
3384 1956 77 173 -90.000 TAIWAN
