3356 595 70 184 -31.017 
3243 665 76 176 -31.244 
3109 698 75 179 -31.019 
2902 827 73 177 -31.075 
2785 895 75 176 -31.075 
2667 998 71 193 -31.218 
2499 1143 327 149 -31.114 
2688 1389 165 164 -31.264 
3011 1190 157 162 -31.025 
3153 984 79 175 -31.414 
3465 908 155 162 -31.145 
3738 1132 73 179 -31.019 SN74LS00N
3567 1238 73 169 -30.964 
3337 1290 77 91 -31.072 
3494 1623 74 170 -31.079 
3162 1607 135 281 -31.139 Y933 PBM 9823 RYT3080013R1D
3292 1840 76 179 -31.019 TAIWAN
3206 1916 79 175 -31.133 AM26LS32PC 005HK5U
2880 1963 138 470 -31.152 RYT 305 0010-P
2658 2259 81 177 -31.075 AM26LS32PC 005HK5U
2792 2174 77 173 -31.304 TAIWAN
